- !<Matter/9c2ead58-d98d-4d0c-b8b9-27d2575ba23f>
  PackagePath: ""
  Friction: 0.000000
  RollingFriction: 0.000000
  SpinningFriction: 0.000000
  DynamicBounciness: 0.000000
  StaticBounciness: 0.000000
