- !<Matter/a26cc039-5298-4fcd-9486-322a254fa180>
  PackagePath: ""
  Friction: 0.000000
  RollingFriction: 0.100000
  SpinningFriction: 1.000000
  DynamicBounciness: 0.000000
  StaticBounciness: 0.280000
