- !<Matter/28ee4075-3259-4008-9cef-0a2ac9459f57>
  PackagePath: ""
  Friction: 1.000000
  RollingFriction: 1.000000
  SpinningFriction: 1.000000
  DynamicBounciness: 0.440000
  StaticBounciness: 0.120000
